100
6 0500001
6 0000041
4 70001
5 030091
1 71
6 7705541
6 1165609
6 0020111
6 4248958
1 12
6 0000001
6 3000921
6 4052601
6 4200071
1 12
1 71
4 90265
6 0000001
6 0120111
6 0007101
3 8002
6 0000001
4 02121
2 733
6 8853649
6 0600082
6 0000907
5 110011
6 1220011
6 0001401
5 170195
1 09
3 0901
3 0001
6 1012102
6 5000071
6 1020201
5 000021
6 1111111
6 8442265
6 0700731
1 51
5 000093
5 021012
4 11201
1 81
6 9408894
6 0007462
6 5006301
6 0000081
1 21
6 4695271
0 1
6 0003005
2 737
6 0807011
6 0000801
6 0800001
6 0519551
6 0000671
6 9000801
6 2030061
6 2666937
6 0060001
2 201
5 003041
6 2211211
1 01
6 0001761
6 0090009
4 63906
3 7001
4 20001
5 405001
0 5
1 01
4 02221
6 4621846
2 032
2 041
0 1
0 1
6 6000901
6 1022221
4 11111
6 2110222
6 9999999
1 11
6 6006501
6 0000001
3 1501
6 2110221
3 4001
6 2020211
6 7000001
5 100051
6 3606185
6 0560607
6 1290201
3 4009
